3225
9626
2034
6038
205
9945
6659
222
7418
3982
7218
4034
6288
6556
5237
8423
9741
3749
9720
6873
8477
5637
5631
6566
4717
7531
8756
7597
5112
4353
9713
3148
261
5320
2832
6960
8244
1064
2491
89
393
3013
2381
5986
2317
9007
4997
8562
6933
616
7707
9444
2350
3766
3372
559
9494
2356
7622
5937
7490
4897
5772
5478
9350
6145
2164
209
8152
6487
3690
9244
2561
223
2716
3194
1620
5724
771
9639
7196
4417
93
9244
5834
399
8080
2116
9859
9714
9145
5622
6867
1049
7901
448
5682
2751
7956
7423
5648
6843
1896
4676
1361
530
8570
1026
5286
8444
2876
5096
2816
394
4409
7118
5569
2985
5249
1052
5833
8881
2513
9603
7763
7987
2111
2327
7141
7303
16
8980
2518
602
7737
3940
9104
2791
2028
1846
8510
7753
3914
9225
4013
2580
1157
7286
7124
1224
3205
5979
9891
3220
5643
1283
9021
9623
3968
3613
1200
2203
9209
1010
9020
4802
1357
3428
9723
8476
3927
606
1553
4219
3867
7631
5753
7225
2824
4073
5264
8647
2174
245
5934
6903
2966
1017
7843
104
1384
4148
7373
2711
2203
4830
4791
7508
3566
9653
1061
1956
8090
8191
1888
7480
8814
8433
3071
8531
4362
4839
835
3817
6040
9954
7096
341
5100
1945
7769
6693
9802
9842
4008
8097
6625
7338
1690
3443
778
7656
7785
9870
4783
6271
3886
3453
4578
8172
9338
3464
6917
1534
2537
8855
6040
529
2869
4663
8197
7266
4540
3095
8214
937
4025
4088
9350
4808
4666
9357
4289
2948
3971
6869
2089
8194
3442
1004
3084
8998
7640
5534
9248
5104
4975
5620
1489
2830
1843
5895
4384
8451
1048
2474
1537
5213
4870
2549
4889
2540
4849
7258
8028
7655
1793
3912
790
2751
1478
8584
5139
2172
3637
9593
5414
7662
1746
6031
5310
2672
6611
7173
1903
879
6347
7605
6488
775
5765
6103
5414
5828
7328
7041
7926
173
8864
8359
8055
3986
7658
5723
9996
2383
7481
1245
1289
9527
4850
5940
3503
5282
2430
2916
1305
1092
4516
4030
9366
9160
5820
5899
9766
6594
1678
814
1328
2818
4353
889
4599
9383
2050
8855
2872
7804
3933
4473
4079
6792
1399
6057
6440
2229
1703
9649
6412
7205
1154
2071
288
4599
9449
6794
3154
6973
7259
2585
5167
9023
3147
3189
2223
7067
6179
2102
5237
7136
8968
986
2746
6064
2736
1908
311
2455
6317
7695
7784
2881
369
1076
3431
3627
1810
6388
949
7778
1550
2937
5536
3977
7129
1680
5839
8133
6166
9218
8285
5148
2428
2946
41
2053
5852
9760
6963
3117
3991
1837
9760
1560
345
6804
1554
1577
951
7825
6517
7231
8197
3579
4
9136
2385
7188
9653
3790
6125
2580
2354
2766
3232
7304
3627
6125
5187
2443
9983
1778
1746
5017
4267
9642
2615
3512
8418
1317
9553
6728
563
4478
7284
1960
2836
9369
733
3509
2556
8247
1592
1304
6259
7325
5984
5620
5734
7098
7877
802
920
5751
7273
7175
3392
3162
2685
9293
8986
4490
8013
3457
2403
4261
2368
8909
3642
2803
7296
9332
2416
5563
4321
7035
8806
9512
3095
9293
6690
6002
6369
8563
3307
5922
2077
566
1499
7055
8405
8283
2499
6576
8551
2856
9887
7765
5262
3108
3868
9663
7212
9829
2570
9693
4620
6997
699
8905
3303
6618
8696
765
7101
1489
3072
3753
2166
4609
8775
9694
8222
4759
2503
4576
7637
156
9129
4969
6845
9075
4433
3845
9990
8578
1668
4497
6162
1970
8262
5447
9992
753
3792
6326
6741
9053
6380
2246
1420
6706
548
252
8320
7684
4890
5792
3710
2766
4286
8450
7043
7330
7316
1492
4766
4944
8426
2298
1155
1216
981
9580
1657
4514
4601
849
9649
820
9057
3898
1508
8073
7908
9542
5926
3808
5660
3804
5248
4473
6800
9105
1866
5299
6908
8329
9979
9530
2150
7925
1264
2859
8096
5244
5510
2475
4762
3898
8203
1338
6312
8815
1031
9420
9030
1607
8046
2707
7658
2988
2431
8162
182
2167
8444
7116
712
6390
3462
8683
9415
3476
59
9520
6525
7185
8272
4525
5698
5043
388
2062
9517
3498
6706
1737
6003
8878
3242
8272
4824
3075
8887
3017
9394
6302
9363
8478
5552
1818
9021
6171
4315
8368
8574
699
9991
3612
6210
1621
7409
9857
7499
7214
1337
3230
5517
7409
3217
5811
4251
3759
5586
8487
5489
3342
6879
3299
7453
1123
4743
1823
3333
6600
2174
6843
5173
3055
1667
4372
258
7494
339
4850
2328
4192
9924
3981
6019
1967
5479
5228
1962
6535
6824
5332
2180
5197
7758
2844
2815
1012
1468
8360
3493
2705
2830
8368
5574
3286
657
1108
8260
187
3251
2940
7372
2344
7676
6811
4308
2133
9970
8895
6319
155
4896
2162
7731
4612
8359
4009
9406
1667
1426
8319
4904
4978
2268
99
6500
9270
6918
8386
7502
4058
4090
1804
6783
8651
2720
9063
2523
5347
8294
9809
123
3803
5497
1048
7384
7976
5442
5329
2574
6470
8246
1888
2957
4460
6518
8189
7850
4170
5253
9307
8335
5333
2871
8273
6762
356
4316
9574
378
3156
7057
5097
7159
5417
559
5279
9159
2271
2789
1715
6137
5349
441
4958
4446
6371
4809
195
5311
5441
2668
1998
8371
3900
2265
53
539
1314
4656
292
1083
2401
5151
5732
6498
543
1582
5157
7380
130
4109
4615
6172
6239
9471
7494
3616
9902
6450
3412
8804
1984
9626
6543
2255
3269
2407
6256
151
3944
9506
7673
24
7310
677
4617
1023
766
6683
587
3355
9071
4014
6756
9832
5251
8146
374
1881
4194
6530
7689
6344
3875
1350
4319
7676
3716
216
9368
171
5189
7396
3103
4969
207
6007
6583
1489
9596
7032
6248
3214
5369
7276
1926
4093
9764
2498
9147
2080
8381
7946
4105
3441
4270
2950
918
7018
1578
7864
8513
644
6882
2280
6204
6064
3733
4965
3668
2965
7675
406
957
5802
2379
9289
1508
7995
3197
89
516
1351
7907
116
5735
7046
2831
1314
2431
1144
7393
7248
4687
6384
8184
2663
2492
1280
1452
5207
2194
6902
1992
8617
5394
1791
4110
7809
1985
5564
5006
1208
111
6138
2835
1267
5801
507
6038
8757
5706
581
2630
2482
4379
2100
4135
6443
1155
9344
8832
5006
6130
93
3915
5901
1995
6497
1088
1759
7343
229
3307
1359
4204
5009
5247
7500
9965
124
2213
8810
8818
7865
1533
8700
3534
6551
4162
8357
4350
5114
3378
2233
1626
9377
4945
10
7934
8078
5124
3300
2515
1926
5935
4324
3620
426
2459
2835
6357
7552
3553
1423
8897
6636
377
4978
9243
3524
6145
4793
6832
9040
305
945
2366
5954
3612
5244
9368
5227
5094
7939
334
3324
2332
7781
7354
4554
3322
3310
9235
8670
6661
867
9008
9744
3564
2063
5481
4956
5768
177
4030
5323
5737
6097
6075
8357
1676
9700
3449
5143
5728
6950
2397
5573
1647
9772
5395
7548
5062
151
2189
9832
814
3139
1263
6617
4665
6009
8984
7592
7157
7041
2960
1164
8412
6958
1836
4043
7253
5411
6126
2006
1331
2487
121
1179
1508
1801
3205
2261
161
5481
4893
7251
6321
3305
742
3845
8028
9754
5401
5023
1126
8859
3290
5587
3417
7524
3541
5068
4534
7407
4743
542
467
374
3021
4988
2976
5324
5504
590
8216
2794
8441
6588
8520
6820
515
1971
5527
6615
8677
3073
1316
678
4499
9331
4808
2355
9155
3719
8425
1191
730
9284
2785
5043
9639
1447
1274
5972
9095
7735
8005
3786
8336
3457
4779
641
3739
122
3800
2389
7578
3435
6834
9911
9355
1054
3767
646
7393
9467
7909
5276
5542
9670
161
334
820
7267
5379
4365
9902
1775
3244
7374
3709
3653
2348
9822
6280
5145
3517
5953
882
7053
836
6059
7047
2215
5499
8519
6526
6422
2702
2390
8259
2609
6981
444
4761
7547
2344
622
3775
4686
4924
496
2477
2818
9358
8398
8146
682
3090
4332
9742
5527
3553
504
2885
2872
2966
6711
3037
4949
4960
4980
725
3846
9907
605
8969
6055
3324
4993
1621
3814
3855
8359
2090
3550
6133
9326
7213
4955
748
6202
4139
2131
1077
5921
4509
6800
695
8857
6511
6240
576
3131
4948
9075
5798
2022
6526
5625
3912
9943
4353
4393
5325
3982
725
3586
2778
699
1242
767
4148
1347
5845
2320
4883
7288
4880
7724
3441
5935
5474
7729
4323
7936
4410
8159
7627
503
6601
2726
3778
4598
3647
8180
918
5839
7412
5511
3778
9644
9743
8378
7372
889
3117
9549
5136
5813
2785
6030
7180
3695
7883
2480
8622
5221
2726
995
5911
4488
4889
2289
409
1791
9968
6109
1916
3950
3512
3864
6915
1988
2067
6511
7348
9096
6705
8572
6580
5392
8891
5021
46
5532
2131
9586
2272
8072
9798
878
8366
689
6650
7406
8185
9526
3442
2108
9580
1504
1758
4146
153
1142
8333
2021
5290
7297
953
6337
3233
3710
3423
1144
933
6350
8536
7575
7762
4198
3418
3595
1161
2585
1001
5115
6028
7448
2191
8685
6025
6363
3886
9910
3887
3420
1643
4479
5950
1501
4678
4212
3376
4670
7599
2138
373
4992
2202
2839
644
9586
8758
7909
1951
1994
6246
3112
8894
8562
7438
3707
7291
9414
3295
4767
4330
77
9068
2838
7534
9786
9369
1849
3302
3675
6086
6168
7660
8473
2159
7338
7607
6187
4251
93
3742
7448
369
5271
4930
9836
4649
4852
295
148
169
7389
8822
6406
3961
9740
4117
3926
2918
2718
8313
4772
8617
6849
3633
4039
1445
1018
5064
5859
129
1661
7743
8153
6599
6651
1714
7406
5555
8650
9949
4083
3712
9953
6343
9789
698
3107
6644
8047
8377
1304
8538
4083
3101
1719
1221
1752
6353
2689
448
2471
1869
8853
2734
6491
4827
3238
7463
2621
4287
4731
5466
7294
6741
4183
6901
4345
9281
9312
5284
2489
4606
5878
4653
4143
5111
2723
7134
2374
2122
7221
9600
9791
2664
3296
9386
3562
141
5113
1425
5364
6562
4288
538
6346
1907
3412
647
2120
2728
9686
3957
1170
9750
6770
6706
3775
4935
9349
293
1813
6957
7292
5856
4290
3970
2948
1628
9398
2472
7392
6812
6514
6748
745
8425
6490
9099
5207
7744
319
2024
8968
1704
8007
7049
9603
1164
7093
5981
4791
8205
8454
6694
8519
4667
1905
8747
9566
2345
7186
2302
868
4305
301
2786
9979
2046
440
8036
4596
3223
8968
6865
2392
7633
3627
2016
8061
4490
750
7669
7165
1941
8434
1022
6332
614
6497
5569
2421
8689
8913
6126
1885
8155
5612
557
2959
9040
9268
6383
2456
8616
7794
915
7623
502
6068
830
9481
1908
75
8770
7150
8958
7629
7988
3129
677
1365
7275
9074
3737
8302
3275
9894
8455
1165
6271
3116
7722
7952
9162
2410
1776
437
7239
9810
6276
9438
7821
4854
3729
6116
5026
2532
5934
6320
6317
5059
843
2679
159
1010
5970
4854
7843
7529
3112
3725
1935
4726
3132
2837
8770
6547
7573
4602
6400
6912
9585
8955
8111
9497
8924
7824
2141
4668
1234
1103
4742
1170
8738
655
5728
5237
7520
4149
3137
4395
7227
2104
5215
4631
8814
491
7994
7314
3631
6840
3064
2749
1829
135
6558
9653
7862
9784
3581
4895
7843
6615
4364
4581
3376
2978
5544
3080
1486
8570
1311
3101
1988
8971
4671
4445
2290
2663
3491
1057
5682
3030
251
9925
9861
9474
5904
2375
8604
3946
9776
3669
7437
4148
635
4404
6739
9421
4883
4650
1334
3627
2823
5419
2509
7543
2631
3776
4527
8142
5875
1427
6363
4804
7163
6019
3882
9130
4041
7494
3267
3248
2563
8529
5424
5719
3782
1142
9230
8042
3084
7033
4229
3268
150
8858
5564
1116
4987
4358
6215
9596
3303
183
5528
34
4051
9074
278
2017
2422
3051
8769
3717
6487
1482
5788
1581
2619
4661
2388
1397
6558
8235
4869
7164
6940
5533
7318
6660
2991
129
9920
7903
8717
4682
5752
4344
5751
88
5200
8623
7469
4698
7316
5989
916
4348
902
7934
6881
5619
9055
6549
5179
1417
399
2103
8236
8644
1976
7602
4414
5251
572
5386
3740
9930
5096
1029
7134
4621
1669
1994
9564
5823
5969
2915
7374
4645
3790
6705
5921
4660
2582
9220
5036
5846
4998
8091
1366
1505
6920
5538
7848
5908
4130
5849
6145
4980
5367
5760
5429
4953
4956
2379
6194
3864
3701
846
7628
4153
6332
8458
3803
929
1289
3593
1621
5159
9660
3320
4190
6145
6037
6321
9091
2063
9424
9308
5630
3392
5417
5623
2448
9981
2169
3065
9559
5402
9591
9065
2739
6358
3711
6245
2481
4622
1775
1078
2534
5778
4455
7350
5260
1207
6833
8535
4286
7279
2364
6852
3657
5367
233
4693
7891
9477
5141
8829
1346
3496
5177
4601
4659
1953
4298
1277
6968
4975
6122
2117
7684
2514
1609
6747
707
8880
2919
4272
1339
7958
4365
2700
6210
3558
9662
3878
874
896
4347
1803
6417
6264
2675
2549
1842
3692
215
6448
2944
9380
3818
2442
5274
9552
1274
85
5079
4053
3917
9883
8896
1472
1736
1805
8594
7875
7360
9921
3696
9549
2681
6611
8082
4492
5195
9486
13
8150
4625
8881
742
2062
4053
1370
7849
9772
6514
8124
9553
9967
6764
2671
2343
2578
8783
1758
263
2387
8678
8262
7485
8487
6990
3402
948
2942
3375
1093
32
7023
4578
2068
7341
2496
9370
95
8219
9282
6488
3968
9340
7148
763
4282
1983
9505
7512
8233
6104
680
446
691
2347
5546
4748
3848
9111
8292
2225
5304
1979
9316
6414
8928
1538
982
3058
4490
5223
5279
2989
8888
8859
9445
5101
8141
4212
9755
9977
2328
8263
4506
2367
4302
4121
917
1860
2264
6404
5730
6237
5602
1844
8220
1288
1886
2357
4985
7724
6992
9240
5730
139
3095
6114
3992
2860
1576
6263
92
6857
1706
2002
3638
8913
5168
6059
9496
6772
5163
2667
9247
7904
970
2568
9664
958
7140
2685
886
5930
807
896
8898
8698
3577
4154
3452
7146
8627
2844
5141
1229
5926
2084
2469
3688
5271
2133
8240
6503
7131
3979
3786
5189
2468
5640
2247
9460
7185
1202
9438
3803
7720
8974
3539
8254
1223
8956
7155
6753
6327
7721
2687
6343
1562
3061
3910
7166
4481
6474
7055
3455
8824
4746
5130
7023
6241
5850
1826
9237
7714
6076
4646
1231
2266
1539
2551
834
5000
4367
9150
638
5560
8651
9681
7998
5178
8710
9218
7268
4358
411
8058
3134
4527
6420
5236
4970
9931
5354
2706
7586
4895
1094
3475
6453
1272
7330
8148
3891
5769
3435
1000
4299
9030
4346
4907
5814
4146
8701
2135
8005
5465
6944
643
8178
3312
7422
5070
2855
1854
5707
7958
9644
6691
3410
7462
9383
87
8260
2157
8200
1696
605
9479
9899
4595
4353
3419
9523
2725
9900
8555
2054
3539
1194
3420
1021
5645
72
1790
3233
305
3585
7375
3829
5020
1820
9006
4035
6191
213
9
4594
2472
5820
6840
9465
2779
3169
4893
3211
253
67
6850
7030
9972
1929
228
1453
9975
9741
3643
2936
1471
594
1568
5362
4705
9931
3181
4616
668
5149
2531
7239
8284
1835
5087
6685
926
7291
5336
3736
1509
8840
8715
8882
4549
5895
956
3196
4784
3601
7238
252
3654
6325
2092
5831
9722
7293
5856
1147
7936
7595
5520
2057
4475
2223
1144
6911
5474
5063
4573
5189
6984
3626
4186
917
4990
2088
6039
7955
7414
897
8712
9284
8538
3697
5735
6215
9465
8902
4927
4106
2275
312
5600
4396
1269
1544
6567
1881
5897
4733
8145
6399
4496
3584
8903
2584
5081
1117
8214
6858
4520
673
6992
90
1293
7953
4341
1601
283
4021
567
2820
7681
8338
4588
4683
8480
2459
3378
3640
1007
8643
8409
756
7751
4587
5917
6387
7544
626
7380
3572
3964
7087
3553
3074
1823
7563
3682
8412
9
3587
5867
6927
4294
5189
4028
6212
3580
3632
6330
51
6652
6369
7120
4806
3730
351
3385
2695
2823
6892
340
3217
6961
2479
9386
4338
3370
4785
1694
3241
6523
5115
1094
7435
2085
5236
4565
436
6261
6307
9776
1336
2531
107
6121
1267
1593
1306
4040
6827
1799
7885
7994
9471
3224
8847
4232
3304
6310
7737
6213
6687
5656
2292
9720
5710
7093
2270
7744
873
2289
7320
7624
5249
7056
8449
9609
3588
1139
4212
6939
1631
4466
7940
8212
1403
443
3021
2145
633
5444
5509
8629
5723
2150
1168
856
9508
3611
1118
9306
6416
5657
4240
6021
7596
1476
1578
6502
3665
7176
151
1344
886
6505
9562
4397
2344
2058
4810
599
9979
5862
6553
7186
3454
9860
4356
4582
4169
6128
1689
3925
4778
9031
1516
4127
9375
2635
2856
4450
1913
4313
3098
8566
4811
2469
1415
6350
827
6609
894
904
5703
8055
639
8506
4317
1904
7698
5007
4095
9600
4664
1259
1453
6034
2704
2462
8304
1803
1040
383
3533
1135
2073
7790
8303
2571
3586
2319
951
4948
5180
695
3877
519
3958
7068
5617
561
7122
5820
3516
8617
709
4230
7425
7200
8833
8208
7129
6641
1931
8388
6123
6569
9872
533
475
932
8582
5008
8157
6663
2605
3962
8758
6263
2674
7608
6559
2142
4109
7433
853
9543
5052
4508
9778
3830
9254
9125
8193
6251
2690
301
3857
7555
8973
1699
992
890
7723
1220
1741
5319
9669
7645
9376
316
1601
9788
1568
9047
9080
7659
8205
8231
3270
8036
5944
9058
9320
8018
5134
2545
9555
7488
986
9253
5629
9780
8545
291
6567
4854
8766
881
2005
2533
8978
3731
5420
2743
2268
2089
5838
8249
265
2816
7479
241
5068
1359
5354
801
9613
5643
3194
9287
9151
4711
8829
2993
4664
740
3358
8938
182
9287
8669
1293
3001
8358
9344
1257
4254
5500
2355
9735
5243
2205
3627
7565
2842
1138
1345
5526
7718
5674
6270
80
8836
8656
1517
6241
5661
196
9736
7212
5637
7144
9337
4486
5640
6775
9695
8734
1021
1344
3026
934
2480
5659
6828
9264
1904
2212
6813
5917
7721
8483
6068
347
2689
6670
4759
6255
4026
6310
980
3136
6871
1544
6389
9349
9629
4770
8456
2496
7830
9290
3236
5892
9926
3875
3969
6813
5175
5695
3360
2595
7735
7410
896
5453
7264
8196
9807
3429
8727
9293
2789
6315
2577
8132
6306
7622
898
2473
3829
4560
9062
778
3236
4377
1451
9286
6420
6760
9670
2658
9359
1531
1847
2488
2919
7480
6200
3470
3275
8474
3951
4065
5516
8683
2453
4579
7824
8929
5044
2575
5928
1361
7962
7079
849
297
2040
8513
2634
7898
1190
2747
5127
4334
738
1908
2097
1768
1957
1006
3400
2477
1059
8497
9792
1560
7100
4356
1287
4834
204
1393
431
3736
6785
5543
2958
7030
6040
8613
2341
638
2356
9701
7162
6148
7292
2514
3975
914
9913
377
8506
5713
6932
1776
8031
5319
1821
4324
4782
2148
8689
5290
3999
7026
445
8347
8205
4453
3435
1162
333
3164
4046
2259
9127
8475
3832
6658
733
6040
5531
6927
5553
2427
1077
9978
7205
9638
8136
5064
6951
2789
1925
6295
8661
5470
7338
5477
4855
5402
253
8421
5966
5562
3975
7899
6421
3477
9648
5868
3689
3004
1737
2643
3356
9310
9950
2358
3467
9020
1085
8633
6170
9121
4901
4587
9339
8046
4077
939
1020
215
8246
569
8605
4863
7715
2517
9019
6381
3640
542
2138
3944
5067
738
1241
9746
3732
726
6961
1472
6278
9261
1714
4620
7336
9486
859
9601
5212
5405
4804
6671
5551
1728
5484
1991
3449
192
7608
1237
9587
7380
56
9931
3637
4284
88
6564
6162
8146
5236
6759
8785
5019
130
4592
5095
1693
4014
9650
3664
2560
8376
9657
2698
8435
3312
2971
336
1355
4449
9457
5672
1373
1906
4527
9477
298
7188
1696
5592
8672
8387
153
9591
878
3356
1320
6249
7213
4462
8842
2120
4564
9204
1194
6763
2609
9601
724
7790
4355
8894
9481
8106
9866
9060
6827
679
9891
9044
4435
6424
8116
1795
9695
8294
8114
2904
7865
9856
4187
9788
9667
8882
5885
999
8130
9251
7959
9915
6971
6726
6295
31
257
8754
5877
8146
2181
7333
497
2970
4789
5611
7285
7476
2209
3120
7862
6297
356
8822
8511
4312
9156
2680
2802
4410
2749
2445
9934
3992
6922
9445
9221
8222
633
3174
5098
8938
9861
295
3219
2204
9029
1642
8031
8095
4156
5098
9770
2426
6920
9521
9720
2588
452
960
5134
5952
9212
3007
6648
2443
4290
9393
5187
2575
5259
1787
2672
8379
4825
6893
3671
8789
270
4814
8096
2411
8523
7931
2451
5956
9756
5991
9572
2510
5264
9330
1400
2769
5225
1590
4503
1582
8785
9071
4734
943
6498
2422
1515
3257
9417
1674
5567
441
4827
9046
6021
9502
6041
4336
6306
5775
5254
137
7660
5215
8267
5479
7868
6510
4560
4448
3870
858
7873
9929
4708
7057
5888
2302
1084
5481
6540
5570
9771
7134
7865
8760
7910
12
85
1058
5933
5774
2311
810
5454
7135
10000
4096
8732
1719
2288
3356
755
2312
1147
1183
930
616
4255
6260
8239
4144
9737
1112
5375
4412
7775
3490
3345
2817
4853
4665
6615
6851
2787
1083
1587
2999
1036
9837
1196
4022
2729
2031
1829
3577
1896
8712
1954
1905
6343
1558
6790
6117
1086
6773
2107
7407
9998
6967
532
2266
5298
6926
8279
6480
4088
6839
1161
3492
6941
7395
1288
7864
8936
238
6063
8432
8939
3729
1187
9309
3391
5712
3565
1899
6923
8141
949
7891
1292
8338
3259
3962
245
4008
545
8196
8900
5833
3225
8772
3116
4176
8439
5660
9516
4008
7913
4044
8510
9287
2831
13
6652
2627
3015
3399
7187
2632
7375
4149
3260
4390
3036
242
8537
9246
1719
5873
8367
3974
5862
9645
9078
4908
2035
884
7474
2523
7242
7804
2324
2791
8401
1997
7506
7306
3947
8501
6094
571
787
5374
2548
5924
2958
937
3883
2544
6662
5269
972
4223
7506
9121
1313
3920
2385
9443
5497
2481
132
3549
5644
1717
7831
1683
8787
6287
5208
8806
3
2060
7034
238
4706
4788
884
4611
3598
1836
9029
5214
7997
3328
3144
559
2659
5716
2103
4497
4108
7997
6039
4677
8976
4769
8351
4972
8883
1737
2981
4055
9999
4791
6456
1199
3355
9373
5974
4065
5303
3917
3555
5499
8132
6561
2628
5615
5254
9010
4382
6585
936
769
8822
5896
8299
9633
567
3992
4368
4072
5239
6864
4423
7378
5264
9351
6542
5491
1694
4906
2164
6376
1936
3172
6859
5650
3149
8404
1559
2918
440
3401
3242
7623
7476
9601
7835
2844
938
1336
5320
2002
1361
4846
4179
8982
6737
3179
8269
8409
5800
1345
5995
8772
1993
8840
5035
2357
8869
3307
1666
3883
7661
6267
6059
6922
4113
1942
7940
5719
999
164
2750
8644
1485
8149
7884
7008
4064
3004
1119
7879
7023
7157
2456
6896
6012
8266
4203
4847
6587
9099
2292
6549
5742
857
4938
7506
8415
753
9462
3568
1090
6062
2193
9383
4460
7571
3300
763
5175
5904
6789
2106
9263
113
6684
5358
1483
1514
1308
5209
6148
1692
8179
2166
2657
4948
8652
1293
3934
8508
3622
2237
6737
8609
8347
4587
1335
8066
5517
9306
7846
7296
6839
5453
3398
1399
9998
9108
8778
1684
3922
2229
7773
8775
6840
9790
1217
6799
1903
6470
5540
9315
6702
1235
7031
609
1178
6244
7788
9326
2131
6413
2702
3543
4173
5789
5392
6242
3255
8345
3660
210
4503
5342
9747
9464
9765
2500
981
4158
9156
4389
1820
373
9844
1682
1828
1991
4871
5935
5991
9342
5992
80
3529
2620
6587
4585
6635
8536
1035
8721
4550
8804
2395
876
1735
3738
2008
9411
4646
536
8882
5115
2619
5816
7090
7536
9024
9475
7128
676
1919
952
5567
5363
5353
445
1135
5852
6458
3472
9471
1427
5213
1585
4757
9004
4388
7203
6289
9933
2326
8489
6801
6662
4844
2368
9633
2195
7993
539
8471
2731
3057
809
420
6962
9780
4800
602
2789
486
7627
6031
2224
2634
4891
9614
9248
2651
8163
1773
2242
3268
7556
2092
2890
746
9237
5558
7289
3120
4369
6853
5647
7045
6339
4509
426
9007
2493
6732
2620
603
4908
6631
1953
825
6246
1671
7333
151
877
8285
4312
6545
9328
2148
4883
3556
8696
6327
8290
4111
6289
7180
4985
1246
6692
1570
7750
4962
2093
3124
5482
2960
9293
9206
8865
1863
2193
2620
6270
2378
3660
2205
3052
8395
3079
1072
7684
5745
842
3924
1116
6240
387
1838
95
1153
5648
8028
6416
5357
1596
103
8434
104
3376
6287
625
9533
2539
5474
7142
3725
4820
9151
8583
247
1006
7252
9151
6583
7432
9912
6742
8250
6309
1568
4768
4816
9660
7997
1773
4050
3414
4521
7856
7166
3764
2540
4905
6287
3606
7932
8537
1187
5512
981
7306
2506
7697
5396
3731
7786
8677
9581
3835
5809
6471
1651
6890
3512
7596
2940
4828
2321
3088
1864
1256
3020
9740
159
6297
493
6867
5595
8327
464
5355
734
6203
6713
2799
1088
7682
6735
9421
842
7881
1114
728
8848
7032
6563
1785
2197
1925
8378
7611
624
2037
6722
4227
256
2132
6550
2760
7361
6539
6585
944
8158
2397
2001
6047
3131
3248
9150
4126
4299
4404
8445
47
2325
6036
8308
999
1757
7169
2278
1432
3510
2788
8429
9935
4873
3855
9486
2662
3655
2602
3652
8836
7243
1211
8425
9106
735
8176
8432
6039
6666
9655
5152
2591
5380
2659
8793
2655
7883
839
9633
1447
6160
36
215
2210
5228
5067
9937
9102
8790
6097
4972
5378
2904
5510
1557
7460
7608
8438
4713
8607
6089
1402
5877
6477
3707
1950
3585
6438
1238
4921
5581
4389
6449
1958
939
3829
9251
4866
5956
5452
7112
4794
3557
494
4418
8133
1913
7195
3558
5375
3907
8420
4547
7587
8055
8665
8351
8289
8364
9523
5208
8755
6362
9539
8454
9633
6766
8299
8555
6207
4611
1979
1058
3827
2118
2159
7266
9562
3816
1230
5115
6361
6073
4694
9792
8334
9953
5240
2471
5871
7265
881
8959
3277
2955
3760
129
5007
4644
5100
3020
7372
9632
5956
9093
7609
5546
7917
9769
9217
1620
8548
4610
7962
3891
2052
6697
9988
7438
9971
1931
6470
4964
8420
9760
8730
3012
9099
2535
340
619
9237
4027
9644
2270
4928
7512
3393
7493
1606
2716
5493
6054
4177
1622
6908
135
47
5814
3264
6871
3582
7245
430
2570
2885
6227
794
7836
9970
226
2470
1893
8442
2872
5187
1434
1122
5407
8322
2152
3174
3331
9588
8354
1402
9090
2839
5204
4742
970
9801
4505
3794
7562
4251
146
3176
3068
9911
8414
2514
4962
9860
7964
9576
2238
9117
6916
7150
4956
2952
7903
345
7223
8505
7666
3169
9264
3554
8455
7584
9782
7818
471
8280
8597
1914
6664
9886
1907
5811
2214
9864
6344
4871
6648
5338
6404
7625
3969
6550
5410
6007
8445
8173
3602
2384
3803
1338
3624
7675
5234
4310
5156
2076
1705
4079
4963
1017
4157
4624
7353
3052
2731
3094
6396
8420
6220
9082
44
9484
9620
6010
2523
1629
8487
6214
5225
3082
2196
5489
3140
9131
9924
6549
8327
2179
3318
1459
4912
3422
871
4455
3832
184
5576
7624
1314
6297
951
1800
7346
2890
2066
6886
3538
9757
7348
6527
5959
9007
6526
6506
2727
8781
3400
82
9078
4574
9348
1109
4657
6421
1574
5275
4761
4102
4002
6131
8586
3710
8421
8351
4914
1802
5982
4406
4332
246
5852
871
3971
5551
8110
8820
9550
3005
4666
1723
3714
3090
2732
3593
4782
8030
8489
234
9229
4200
4250
3756
9339
9659
7250
4906
4310
7852
8446
7427
8756
3595
7426
8922
1530
7515
8673
2184
8776
6349
7483
2145
9931
2290
8059
2415
7390
8282
2538
8598
5106
4406
3150
4903
822
934
4761
8238
4317
2291
2004
3302
2065
3058
5590
2671
4898
4385
9125
5831
4294
3097
6695
3678
2247
9803
129
5223
1430
5848
3012
2063
9097
6047
809
7583
3031
8614
1357
2444
8134
5189
7612
5722
9201
8721
4871
3864
3333
5814
4351
5901
6216
8335
1166
203
5632
2780
8702
6765
8143
9161
4498
7302
7287
5428
1369
6097
6360
4664
1608
819
8779
9442
3753
8014
2034
3713
2216
2937
6806
8267
1250
164
4241
8028
6499
5356
4891
6958
3575
7013
7544
5018
4615
5495
5696
3992
9129
6517
8643
8370
8108
6178
5212
5645
950
9824
7978
5747
3515
3306
8196
7000
3080
727
1871
8878
8461
2153
740
2219
9259
4614
3915
2066
7852
5239
6346
2357
170
1217
8244
9824
5208
5473
1147
5914
7713
7519
9756
5582
3586
5238
1925
6461
1349
4555
5527
4063
4193
820
1248
1460
1927
4271
6302
110
7369
3633
305
3281
2672
8669
8555
863
8756
967
4990
6150
8694
6375
8519
5753
7414
3652
8595
3198
2904
6675
8602
8043
2901
5002
1814
8141
8573
1583
2844
3070
134
67
3258
4681
8941
5647
7352
7601
5335
3957
4141
5402
4832
3184
3426
7635
3074
8477
8693
644
276
7826
2325
2948
8395
3108
5634
8464
4635
4693
3629
6215
1928
9541
1483
3681
7018
1653
5774
9110
2161
6817
9823
458
7342
8949
6928
739
5563
1803
294
6192
751
9720
3566
9586
8737
5243
8310
46
5064
2033
5146
4537
6857
6764
5041
8741
8151
1911
6520
8548
4620
7361
9391
5283
529
4809
6773
9689
9265
2351
8669
8608
3583
3510
7018
3168
2618
4956
2100
7850
8418
9963
861
2907
6610
3769
7985
7375
4742
3751
3654
4843
89
5284
656
8632
1107
9694
9061
6311
3344
5696
7620
8923
7959
1838
7226
4404
5216
9691
3215
6403
997
8141
8993
4431
4793
3294
6515
4882
3850
5957
606
986
8595
5811
4153
6402
5363
2575
8641
7886
9466
2219
7464
4879
4826
8966
4602
5278
5789
1382
7958
2217
6893
1203
663
3385
2696
1350
458
6043
1372
73
2450
2173
9931
1502
1747
9567
1601
3684
283
5417
307
2384
9693
6998
2655
674
2734
9918
8120
2269
1208
2738
5269
1426
5193
326
6498
8118
8995
9791
5634
6078
4536
2659
9976
6633
7906
4483
6596
2541
6298
568
6657
8099
5621
3006
7349
5137
5175
9401
2260
7642
836
2206
6542
2466
9027
5248
1836
556
5980
6113
6312
6276
6977
7241
1917
4878
105
8111
3208
6437
4835
7800
8185
9093
7463
3210
8353
8144
1679
8199
2984
8829
4769
9449
4043
3833
6548
984
8263
9440
1691
3288
3825
8110
5736
8023
2917
9481
1935
3846
81
6313
4768
9669
3710
451
6023
3093
8121
3768
5475
612
3200
3582
1249
8654
6393
8958
5794
5468
4751
2852
6809
1645
8633
5628
5345
4751
9706
785
6005
9235
6639
1678
9295
6868
4745
7325
8776
2121
7466
9225
5402
1280
5323
8581
8303
4427
1737
5300
121
4633
285
2891
2732
7227
9554
5609
4451
9410
1414
6043
9974
3452
4879
8766
5585
9576
5940
5442
9367
5027
1644
8284
7047
9175
2164
8645
9472
2944
6725
9756
985
3
5441
1882
909
6368
4761
8083
3568
3840
1259
5260
2835
7784
7227
3921
3506
2085
3834
9463
7997
6903
5960
7060
2023
9434
1684
1308
6162
6338
5155
5697
5325
2324
6105
4192
7283
1374
8264
1552
2085
7315
4264
2393
1933
5108
8818
7711
4153
4654
7784
1939
2094
1087
8021
4189
2930
1748
5344
3899
8020
1281
3707
5606
7669
663
7080
9769
6882
9969
9855
6928
2484
2914
8187
204
2587
8922
5179
7625
3579
7344
4779
9118
7658
2194
5560
6654
677
9770
4675
2527
6606
6353
5044
2027
6047
4617
6328
7917
7324
3345
5417
1353
6902
5942
22
2180
6572
6711
7547
8677
7033
9369
3110
8767
8887
8306
1844
690
3527
2106
2201
6966
7189
5717
2305
4619
301
4077
2428
6529
9991
5492
3066
1091
3571
6796
7359
3639
5604
5827
9386
1676
9719
888
1451
5982
6687
7941
9206
3243
4314
5219
7977
4113
7683
2400
3156
8896
3686
804
2467
6918
2449
5987
1233
4592
3109
1357
4318
7365
3868
116
3068
3622
9563
1376
8334
83
3416
2117
9803
2595
7295
3544
4847
376
6168
9831
6793
3456
1694
1961
118
5771
6130
9609
2942
6346
575
7336
9447
5876
5207
132
4204
8378
663
9942
8042
9822
1464
5296
180
9591
7506
4830
7164
1990
4824
4193
7755
598
3768
9668
7324
9650
3928
3797
6350
707
5717
6350
6553
3939
6378
4260
2382
3292
5730
3524
4852
7953
6352
9847
4810
6969
899
7224
5637
5934
7639
5857
468
2647
7496
2445
1052
2499
7447
2339
1227
4731
6393
1361
2916
4600
4921
1166
1939
5906
1295
2414
5040
5164
6253
9582
2142
2798
3241
8586
1492
9471
3368
9960
573
9004
7332
8235
4759
4306
3309
8331
7439
379
7483
7443
5672
1866
3533
1657
2991
2936
7668
5266
6710
8544
8512
951
2106
9085
2302
5675
5986
9594
8759
3674
8322
7191
1266
7376
2362
5334
8450
414
2421
2476
6037
141
3851
2130
1872
8064
4646
6714
1685
428
9309
4199
9701
4295
146
358
9127
4813
9312
9271
8344
8244
3166
7316
9206
9680
9515
9778
8982
421
9013
5422
5900
1816
6342
8122
411
5272
1879
9465
1248
870
1231
2001
6120
3556
2791
2347
5
7340
1922
9048
5831
3478
1235
7940
8444
8253
1044
7284
4981
5297
4363
8862
110
369
7920
344
6613
9476
8184
2013
810
2322
7217
3690
5230
9296
2171
1002
6743
9457
9185
6006
5924
2489
1127
2318
232
4446
9382
5105
2910
711
5113
4222
5832
400
4767
4687
3596
3072
2092
916
1277
4902
3100
2461
2579
1837
8851
6891
1878
4180
5964
7099
7069
6428
3042
5844
5582
9022
7737
5473
8060
2438
9395
6668
536
6797
5987
2923
1499
3602
8631
7653
8409
781
6552
1200
3615
6021
7991
2249
6016
6656
7012
4205
6737
3477
3224
3539
7021
8302
9036
7894
4601
6170
7640
520
4832
6067
8940
5585
483
6459
4936
5396
3421
9301
64
7411
6460
7418
2764
6749
1729
3003
3250
6899
6221
1279
2857
1710
7982
3044
6972
2053
3857
4409
494
406
7704
6227
9686
4341
9689
3449
4469
2732
3040
3442
3136
3954
9800
8630
2663
5315
2843
2422
2412
7403
7203
6408
7595
6899
3635
6864
8420
3658
6074
604
5079
8365
5823
6748
8184
2677
5365
7036
2729
4019
7709
8554
5039
1177
3557
349
4639
3381
4181
4377
2617
6813
7625
919
8904
3032
7826
747
1366
1478
2170
6640
9796
8784
3138
9491
8348
1505
7875
3783
6001
2794
4192
9185
4469
2864
6337
8892
2327
1603
4194
2960
4823
9552
1685
5518
6466
2066
3460
1236
7194
4397
2588
8336
5185
5763
7229
2120
4574
6407
1427
4622
4558
7962
2371
5207
8565
3743
4528
1390
8158
6502
642
6670
6328
2939
2815
6513
41
9197
5991
3150
2341
8508
6126
1532
2498
9568
7731
2084
4000
1082
1440
4676
2447
7830
4744
1835
2842
4687
9
6627
372
1486
6170
3489
9125
2125
8365
5476
9062
5206
1954
2854
3120
5603
5572
3554
892
2155
5404
6248
1901
1822
6971
2479
7376
5202
7497
3795
6069
1346
9108
9840
2135
5765
5484
9993
2416
455
1236
2148
7952
8842
3824
363
3556
2819
5607
6862
4203
7602
5946
1152
8442
1442
4885
9213
3914
376
8905
4007
3536
2740
2990
8189
800
4233
4499
8890
3261
5013
7666
3545
4263
2687
2533
8659
2128
2129
8474
8315
9430
9320
6920
9994
9166
8632
4608
4063
3812
7942
3631
2804
2719
853
8974
4717
2501
1953
3610
2493
8891
8962
6177
3110
4914
1655
2570
5490
1770
3452
1937
887
9594
971
6960
8244
2115
6704
4456
2050
9819
38
8482
9908
5226
8813
579
8463
2142
721
237
7333
3833
581
3423
7399
1262
4020
5094
4248
3971
5967
9022
9427
4573
6651
8754
4680
2493
6266
4430
7260
9655
679
6112
8444
7543
3127
3677
5658
5586
9037
8566
9060
145
9255
9754
5700
9328
7807
4883
6767
1881
137
2939
1707
82
175
7337
6918
4169
5566
2640
1350
3856
4426
1820
2587
8159
8781
2519
9740
9043
1717
4053
2639
6663
2349
1807
2007
5852
8510
4958
7912
2
3096
5499
6837
517
266
8207
9654
25
7158
297
7129
7183
3382
5590
6778
3797
4741
4404
5399
563
8554
3965
9656
8402
870
3412
9852
9502
4147
5780
4707
6860
7952
9551
7318
5759
1786
4030
8873
8262
9066
695
5309
570
1496
5716
7432
3872
5637
30
9697
4435
7511
2729
4433
3024
7623
2063
4863
9829
3479
5094
8869
868
2500
3624
1985
7668
7011
5203
3793
1619
9758
6039
283
12
7483
3169
2251
2769
9634
2467
4788
1322
566
2791
4463
7322
4179
3596
1031
2887
9903
5427
9320
2162
7419
2571
8790
1564
3177
6072
117
2543
1159
4209
2256
2354
1469
2837
7014
1574
8269
8981
1196
5904
7110
9350
8650
5859
6631
8771
5493
9940
9643
8213
6267
6612
2252
334
2318
4210
1509
126
5288
2419
2076
2203
2130
510
2400
1452
8074
893
6227
7126
3672
9365
7834
8765
4794
5288
7673
7000
5592
5560
8455
1269
4816
6016
5069
3143
4768
1940
2978
83
9624
2846
99
2801
1686
6484
5919
6667
8934
4718
1648
4557
364
1126
1530
4721
4516
7903
5161
8127
1672
5399
576
6258
6143
8340
5130
8664
2600
4996
9175
8377
6776
8571
3007
1223
2786
4226
2733
3083
1792
1031
9760
5694
2439
9114
3465
3599
3297
2200
4445
5076
3908
7507
579
831
8265
5619
5058
7434
8739
332
3192
4651
1184
661
212
3030
6060
7284
1105
4724
7673
4898
2212
5072
8618
8697
7103
8323
9019
2497
4279
5289
3933
534
2374
6486
5644
741
2308
2497
2892
9109
4351
6169
8016
1685
6625
6035
6638
3432
5816
2335
3434
4992
1038
5032
3141
6041
7947
3774
3070
7544
6680
6218
8144
284
1748
5214
5730
3290
2010
7361
3072
4331
7246
5756
5075
9647
3203
4649
7296
3132
2099
1853
4891
8186
9644
8354
6315
7337
6198
3319
6778
8835
9134
81
9110
1924
3788
2144
4274
131
2564
2315
4460
8983
3547
2049
1099
890
860
981
7733
1430
9300
1397
8798
9644
5106
5435
1023
4129
7195
9623
5728
6448
7072
5907
1082
4172
3286
9197
2788
3006
66
8338
8313
4230
4902
6514
7023
3079
2666
1983
8223
3529
3992
2993
942
6334
9224
453
1051
9125
9136
8557
483
8572
6752
6902
7239
9453
757
2351
6158
9370
8983
3771
380
8662
9498
5898
7515
1049
6735
5985
279
8530
6565
2206
6658
9743
6151
6167
775
6341
7295
5740
2049
7097
924
9154
4311
5537
4204
7690
7974
7117
8158
5278
3397
6386
7075
474
1312
6819
2785
2878
7666
9758
5265
4869
5884
3665
5730
9404
3885
4666
2705
372
5365
2197
5189
806
4092
8456
9644
477
4402
3624
7729
3561
9453
4863
2876
5744
6710
4689
3409
6612
7730
6761
3376
4436
287
7720
5022
5513
2447
2218
108
6919
7968
1132
3626
5570
7423
3892
6720
7347
6289
351
9205
5688
4458
2241
8713
5587
507
6145
444
1855
8837
398
4991
3948
2620
6118
8050
3370
8755
5736
6596
6630
1245
8886
4850
4890
4931
5961
9189
7053
4724
8717
5788
8560
6356
8413
4535
6621
1331
6992
940
3960
6086
3555
2866
5573
6816
1049
971
7167
7839
459
6835
5130
1472
4990
3736
1305
5825
5578
7794
9578
8083
6511
5322
4724
1205
7156
796
2560
9776
2306
8244
1635
6450
2439
2804
2298
2686
4122
9429
4215
8281
1243
7898
6619
9767
3597
1276
5793
9066
3027
6330
8983
8410
9965
1870
7618
2352
6619
1280
8246
8064
4951
9495
6698
7398
9196
8983
8201
3348
1476
1979
8841
8531
9903
906
6003
2683
1832
359
6697
4202
2020
1525
922
4973
3793
2236
834
6111
7187
4665
867
7321
4882
1200
6766
9823
2452
4205
8023
3760
5537
4137
7649
7145
2660
1844
1806
5324
3781
3634
2299
1399
2525
5831
937
326
9677
463
1984
111
7277
9348
3531
990
8195
947
3599
4394
5347
6358
1878
9400
6531
1804
9746
2610
7637
9502
8305
8324
6230
7888
3093
512
4914
2139
4195
6016
9922
7458
2180
4314
7557
5508
5576
1194
8901
29
5316
3460
6300
4195
7078
9440
1799
1235
8517
1181
959
3765
9480
310
5944
2654
8403
1180
3852
6063
7717
5383
3559
1800
7500
3652
1286
1668
8533
9062
8760
1506
4832
3135
6263
456
1055
7274
3580
4277
2613
3790
4290
9668
9971
2715
8661
1844
7549
5699
3745
7599
4433
1638
320
8456
7774
613
7845
1985
7431
9496
4290
8259
1084
6854
4335
609
3821
9889
708
4368
9313
3032
7169
8755
1296
6307
5822
2509
4989
6197
3082
6131
1048
5343
8922
8321
9878
6426
4792
1248
1416
6254
1191
3256
3577
770
2362
1730
2388
7627
6958
4141
5212
762
8095
3908
826
9170
8406
8296
4700
9228
3456
6161
2853
2160
1597
9181
707
7372
3928
5131
7684
8201
4161
5035
1936
9083
7149
3281
5017
6510
3330
6553
7971
7227
6934
5802
7852
1754
2540
1819
5897
6907
4798
5869
8673
2323
8611
6570
5210
6765
5492
6588
6559
5646
9817
6695
7952
9744
1738
1152
9601
9663
7528
1818
8397
8344
9377
4803
354
8012
3956
5872
4581
4862
4774
7676
3795
2629
5204
1994
8832
4429
5696
4279
9894
9927
3008
4773
182
9134
9722
7014
7321
8490
529
1624
6094
4895
9371
1161
4528
8614
8663
9039
4710
9421
2708
8863
8595
7685
9363
9626
1474
795
1551
689
2637
1757
2532
7340
8936
5219
8717
147
7340
2405
3046
7511
2075
3422
7454
6790
1055
6547
9095
3691
4500
2724
1413
8681
8114
8091
2799
2682
9340
7413
4777
5543
5967
2272
2019
8988
3242
9494
9510
10
6735
387
5018
6292
9427
2050
6538
7863
4659
7123
2094
4108
9700
5888
1502
8653
2376
3590
6665
9059
1140
9328
3621
5541
8528
3089
3344
8660
8415
6637
2616
590
2127
7178
7596
8335
1551
3495
7244
1722
6356
3511
5217
4796
1479
8203
4881
6664
6870
3345
4623
1871
2546
9639
6940
4111
919
7675
3875
3845
9666
9317
8636
2791
3126
9586
2125
9261
617
2966
8402
3305
5078
7199
5534
9721
7928
4028
8314
3627
5152
404
1996
8854
8212
4712
1044
2174
7083
5184
7353
1099
5478
969
9479
6192
1864
3172
7117
1372
5367
5803
8972
5254
7885
7913
270
1419
9227
2738
2982
3340
7201
8327
9620
832
2637
9555
6298
8440
349
7684
2709
9435
45
5
4860
8952
2410
1852
8808
6384
5058
794
386
4540
9163
8231
5246
7872
1753
8728
9600
4487
3023
5611
9727
8772
6229
4291
4862
7962
481
5153
8075
4339
8883
4002
7135
6555
5064
7179
1101
7064
8965
4125
6932
909
4986
4868
9375
4801
64
8395
9318
4711
1926
2293
1171
2764
1924
8356
5226
2951
1080
2440
3738
5366
7498
1187
483
2632
2268
6897
5469
2444
7618
6052
714
2705
5747
9686
7585
7432
712
217
520
9669
3802
1335
3217
2122
2544
6326
2603
3054
6923
2715
836
5543
9810
2625
4673
7875
7001
3398
5657
1297
8834
3491
781
80
2270
5986
73
5540
4287
3007
8395
5884
903
9463
9470
6821
2887
1674
6933
7187
3074
6111
8161
641
4747
3465
3302
2768
1213
860
4810
2886
1895
7800
3199
647
6900
1110
7575
4673
1224
9808
3059
2733
2658
3514
2808
6026
6418
8470
319
1463
8676
1390
1158
8657
3620
2183
8520
3507
159
5448
9132
4306
128
1233
8559
3807
986
8670
6058
4942
4605
3515
4716
5163
6840
4483
3566
7266
6376
3396
3900
2072
6518
1545
3783
2794
8154
7128
9059
9245
6550
3571
2191
8220
5384
3978
2096
4989
473
1679
328
1516
7755
9456
7837
3332
9043
8722
643
4547
2780
7762
1555
194
721
797
8369
6171
5749
3813
8068
3
6183
4517
8567
5272
5501
9064
3790
160
5545
8352
5227
3137
7914
8457
3111
4316
6767
4015
1982
884
612
6440
23
869
2770
2105
4882
4113
8476
3792
8023
3602
6812
3589
6924
5380
4055
7668
5726
3098
9849
8963
8253
5658
9012
4125
5503
6639
3815
2500
7454
809
9304
924
5660
3707
8705
3997
8525
3388
32
8604
6692
523
4894
8667
4454
1934
6726
2004
6244
441
951
970
1470
6155
9147
7331
2568
5742
7897
8008
9936
2124
1893
6463
4410
4466
7362
83
876
4649
2245
2924
6490
4038
3270
8997
2546
2498
9417
1526
8095
3258
4051
4402
7522
4563
1575
6202
863
8053
7002
3976
6361
6721
5243
7113
3373
5469
4644
3233
9895
3613
2663
7909
8914
7745
3791
6993
4228
6666
7512
7374
9878
5758
4912
2029
5366
5219
4892
5348
3476
1445
1310
9855
3201
6384
3302
2180
6448
9333
7449
3050
222
6879
920
223
4378
5129
4780
554
9986
164
9676
8476
4911
5832
1372
6721
4868
3053
5195
4452
7981
5356
8685
9788
1961
9835
9326
2947
9887
9169
9866
288
6753
5611
1305
5134
4217
4506
4434
9499
2883
985
474
16
7354
7524
9228
548
4257
7962
9965
5048
9273
5205
5321
1431
7638
6297
6928
3151
453
3912
495
4982
5283
9607
3180
2722
8459
5763
6197
6251
1221
137
1574
2903
8255
8492
2401
9707
968
1356
1150
3191
184
8414
9197
8477
9192
4063
2762
5991
7778
6028
7334
2906
4354
5149
9944
1055
5409
6246
3747
4957
6902
677
3295
5214
4566
7290
5300
5502
686
7628
3444
5247
7495
9261
107
1825
8611
5302
895
30
9283
5079
7762
4920
4833
9534
5769
9203
2902
1728
7654
319
2810
8436
9041
5498
4117
4876
8809
9455
5899
4790
3989
9190
7579
130
8470
6613
778
3769
3992
4625
16
8413
8365
2524
2350
2388
68
1486
8840
408
4016
3616
3974
1709
5962
2220
3692
7630
4106
6610
2760
1749
3420
991
4346
2915
4928
6750
6617
5938
3449
627
5438
5467
6680
2162
3542
3098
1881
8922
9539
2672
5670
8530
4057
9186
3651
2900
7671
4183
1032
696
6982
3837
5280
4859
9861
3387
3920
8165
7545
3266
2112
175
8372
7725
4218
2676
7458
2525
3272
6421
7552
9544
9674
9350
7092
2492
4220
7188
2103
9783
7025
86
5884
2114
1806
6083
8632
9732
6504
2110
817
6257
1093
563
2281
6999
857
2823
9779
9302
4231
8589
6978
1673
2147
5782
9856
3662
1151
4626
5453
3704
6208
3416
2747
5098
8662
7469
7960
9456
7271
4393
3225
1063
8124
7521
8847
1372
2674
7047
5671
2270
6925
1275
5187
8561
7601
8569
458
6248
8650
1202
8763
9602
8552
5584
2566
5633
9668
5769
8508
6541
6194
6162
9321
2721
9493
65
8850
9049
1379
2845
5416
8366
2812
9216
6420
7358
1655
6010
2874
1868
6919
7646
4035
1194
9686
7075
5352
520
5124
9538
4645
6225
476
5745
8753
1420
1807
2468
6176
9198
4236
5113
7401
7825
7143
9326
3997
8174
476
920
6998
8369
7272
5971
8488
2819
4532
4757
6522
4717
4973
762
6339
4798
3783
7913
4110
8408
3910
517
2873
4605
9887
3384
4095
9513
1252
8369
2858
3305
4571
7282
9779
526
775
2441
9358
8038
8763
1967
2765
5207
4382
7718
9069
482
5607
7553
4886
9822
1052
6571
9425
8988
7336
7782
8182
4757
752
5071
3757
9097
9569
9917
7636
1456
233
4965
9468
1407
7939
5620
8081
5780
8171
351
2929
7410
7936
3627
941
8536
5525
156
6187
8985
145
4799
4742
6441
1929
9351
1311
8146
6197
4023
7356
6990
1862
6924
6131
5529
2089
3761
8766
8477
605
267
8765
8893
1089
6610
7668
1622
2806
9418
7377
3103
6460
9570
3442
1590
3276
7958
6529
6621
4795
9747
941
8490
9210
2476
5247
1324
8834
332
32
1326
4965
5225
2360
9990
2392
1538
5082
8921
6318
7566
4606
5763
1453
6725
730
2734
1574
5144
2548
6777
7585
4400
5365
8656
4347
3799
3702
6930
1842
7212
860
9741
449
121
9428
6679
9404
9836
5173
909
6692
7346
2609
9936
3007
1384
6847
1518
5469
453
5051
3211
7124
4907
4685
3452
1971
5200
9312
2349
4890
8738
7380
2718
6405
8493
9445
2364
487
5605
9540
4053
4487
4428
2195
761
4832
5828
3540
1420
4835
1438
4988
4067
700
9794
9762
3407
5812
5691
1016
9708
4847
307
9381
3655
8229
7954
5188
8752
1610
6448
8868
2519
7874
4553
3103
6567
7774
6076
3771
2048
3055
345
6328
6566
873
3134
7416
3639
5459
8261
8330
2832
1063
97
4094
1232
101
6120
7986
8214
160
9948
7427
2931
7112
5699
5111
4589
4808
8736
5304
4219
5763
9855
5037
4671
5111
1002
1445
1569
390
9260
8489
2806
4405
9666
1593
7165
2619
810
2901
3817
995
5322
958
577
4106
165
7995
7966
1009
7018
2269
3681
6313
8098
1744
4887
8337
984
4461
8460
4116
6038
6314
2690
1765
2132
3577
9105
4286
973
6173
9669
4523
4343
1214
6416
7206
6588
1759
7688
673
1088
412
5502
1591
6235
8875
548
5897
2331
4953
9814
2038
7864
9973
2650
5919
4613
855
2102
154
3765
604
5655
9848
6183
6723
4434
2446
4885
4524
3917
8840
4613
4218
7511
6211
6744
3494
4374
3024
2769
4535
4519
5320
2707
9769
6182
4389
7526
7227
2476
1748
9684
9981
9695
2403
6453
6196
522
8716
3780
6460
1816
6354
8857
6019
294
9418
8237
5495
2944
4174
1755
8014
6841
1020
3961
4773
263
978
5542
6808
454
6635
7758
8128
5729
2528
612
7755
623
2256
7708
6142
4286
8853
2490
9467
2357
8118
7266
5168
7926
5711
4382
2014
8635
7888
3015
550
1272
6318
3497
7893
8189
7492
3992
3830
8097
7294
8320
7113
7652
4691
2820
4297
2497
5545
9664
8835
3576
9586
5632
9576
6152
7712
2652
5061
4835
2083
4078
9362
2292
5278
4816
136
7678
4820
4679
8701
9192
4991
1025
1288
3911
4232
9293
9518
1168
5248
1056
3266
8488
7392
4844
5532
4783
2095
7643
707
1270
1812
8955
4218
4422
7176
8553
1913
1234
298
8651
8471
3789
2543
4329
5084
9546
5174
5822
3471
1858
4437
197
8894
2727
3028
9150
8265
33
5244
2840
9124
5101
3759
4090
9049
4467
9161
9007
3266
7044
4313
9461
3924
6900
7152
592
3258
2060
4415
7290
9600
3877
2814
1337
8931
5856
3068
8174
6871
2580
1387
8200
4625
1989
8529
825
6755
6143
9198
6066
2928
3057
2106
5206
2674
2691
6180
1879
2408
8658
5191
9991
7794
6363
4740
8016
2103
9055
5051
5178
1771
3964
8925
3312
6313
6945
4532
3729
3206
1367
9519
305
448
2806
4257
8206
5921
7787
5824
1040
3740
9619
6191
8634
6585
1856
4686
3729
795
2399
1426
8919
4102
4294
271
9939
3787
4702
202
9201
9311
8549
4571
3277
2131
1256
7780
1630
2953
6429
274
4412
8273
3934
4959
3677
7559
5579
5947
4198
6406
3163
6621
2736
5209
2427
2167
1319
9587
4142
8890
5365
6429
344
5736
278
6522
8939
2527
2970
1598
4277
6187
3830
6582
2027
8423
6447
1375
3424
3743
9034
914
6044
4841
4570
783
3026
1484
5742
7339
9674
3562
1633
6274
9870
9543
8561
8457
436
274
4478
7468
3401
3332
3178
9960
3116
460
3457
4544
7110
1870
1546
650
3715
6956
8306
9569
8694
1635
8753
2119
9147
4073
2613
3708
8423
1842
1113
2105
7342
8554
5367
9540
6042
1558
7007
2403
6234
908
7690
8552
6395
6426
5305
4539
9730
1270
1468
2027
6207
5911
7329
8491
8436
4906
460
1786
1910
3064
152
527
730
2796
4219
9326
4918
1968
7248
3450
5082
193
7893
6691
6096
9234
2792
1626
4368
3152
1827
2645
3617
4897
8239
1211
2125
3295
8670
9032
7119
3072
6951
4899
4283
9881
4753
7289
4039
9375
8353
3209
8428
6499
6794
2985
936
2865
2573
4405
4964
5032
3770
560
6685
9193
9441
7083
4238
9568
6570
2403
4422
502
1500
6456
6771
9284
9668
2185
3111
6323
7768
843
6576
2000
3663
645
4878
8854
4789
6344
5528
3793
1093
9219
659
7213
7216
5906
1456
852
6070
4963
2955
9640
6637
4725
2342
6776
347
9197
4229
4679
1490
4202
8528
7282
2998
8846
2528
7666
1444
1537
7790
8680
8306
7604
6744
5662
5605
3270
1884
8003
6580
864
2348
1790
6704
6419
5423
6614
4270
5584
6384
8393
7114
6974
8490
4275
884
9163
5545
903
1051
5985
3720
2184
736
1521
889
7612
5159
7586
3857
2792
7024
8142
5906
9823
8419
597
5393
5572
6433
1558
3837
3768
2686
2248
8244
9150
2993
8262
3340
3934
9335
6733
2481
9156
7318
4117
2848
8946
8056
5919
9787
7829
1673
2190
7594
8275
2806
6859
760
9773
6925
5270
3539
5426
7672
4734
8440
1097
3463
1574
5889
7930
830
5153
4872
7426
680
8043
787
5997
4359
6095
5397
8710
7788
6851
3094
9223
8009
7967
2166
4703
3408
6909
929
7154
5464
7614
1571
6363
9376
273
5933
4144
9711
3002
4786
3485
3949
3395
7486
3853
8662
5676
7557
5897
8970
6541
9098
2997
9561
6964
5427
1916
7399
1546
9834
7455
9590
3654
7686
3296
5520
9256
3840
9034
7005
1969
4430
3133
7595
622
7612
9538
8036
2930
3392
9200
6902
8265
1084
8898
6402
2730
790
8153
7754
4650
9514
7907
4488
5827
4952
2124
4402
5683
1916
6485
114
9707
1206
8285
4358
725
2634
9399
6842
2806
9269
4662
8050
424
3414
2640
551
6785
189
5880
3124
3995
4278
8728
3524
9503
174
4851
433
3534
4443
2866
4359
2231
8025
2375
3293
9392
6064
32
3226
565
7045
5899
4387
7385
5871
8055
1074
8592
4706
2842
8430
8255
9023
5280
3739
2267
4135
7847
9924
5819
4973
6143
7282
3667
9659
9251
5216
7803
8198
3836
453
7106
5072
3725
7180
5756
9859
8085
8067
5377
176
1509
3622
9098
444
1620
579
3385
2909
7815
2139
8023
3859
8593
6821
7488
9077
9237
8276
5269
746
4604
49
5310
5965
261
4369
9168
3240
7864
1686
9172
9084
51
9154
8713
8105
7660
1777
9074
3841
8392
786
7722
7117
1202
5298
6102
7227
2280
3564
2219
7418
4940
9666
2003
8175
8797
4215
2685
4246
9744
3447
2656
4272
9298
3089
1414
2188
8995
7437
7341
9628
2797
4005
7205
3149
8724
8050
2707
4844
1873
8493
1676
7007
6903
2486
5298
7437
5985
5381
322
2989
3459
5386
4451
7064
6163
335
4836
3645
6818
8564
7269
5063
9859
7898
1648
556
2319
3571
3261
7374
7967
6927
450
1325
1939
5703
385
990
2981
6283
5277
1685
4793
241
9958
4418
6293
5175
5937
5064
9342
4312
6921
1541
8858
9533
2088
5236
9570
7135
7152
3376
9861
6134
2565
103
3926
4910
5910
3739
3558
7043
1483
1946
7181
7627
6619
4437
2079
6377
7196
8014
7722
9863
7297
2313
7160
2232
6104
5947
987
7151
2397
634
3666
9637
8883
7732
7572
1235
9516
3889
7652
4141
808
3532
4802
8910
1775
8122
7189
433
6146
3599
6026
8542
8495
4143
4208
9585
7662
2927
1530
3222
676
9336
1203
8094
7332
5768
3697
9850
5434
4747
1416
3916
6744
9569
1640
255
7702
9320
6871
332
32
3409
8722
2200
623
9678
7233
3068
4941
6286
4029
4941
5944
4737
765
9889
1357
7387
6354
2309
517
5503
7987
8251
4295
7382
3505
7597
3921
5865
6969
6
9302
478
1790
7515
9148
6273
7666
4292
3630
5179
8177
6855
7534
8378
8697
4376
6929
2388
688
7682
3013
2055
4168
5981
1104
8283
1759
454
1456
2930
9179
6201
2773
3682
6644
1711
4335
7009
9013
4314
6561
3884
5882
8444
1498
1980
7295
4322
1460
2056
6837
7832
1792
524
5526
7327
4493
5364
6155
6619
1930
5423
7952
6431
7435
2065
2651
4487
8370
3733
5043
1986
8370
6209
330
1657
7271
7345
2148
1935
9237
3488
5445
9032
1787
1338
8023
3402
386
8149
5377
5379
3989
2033
4660
8211
4737
6547
5428
1299
7279
4560
1159
5206
6230
8331
8447
1085
9717
3140
2065
389
264
6791
8020
2537
9196
1327
1712
5411
6219
6100
2162
1603
4990
9324
140
5330
5034
8797
6919
3831
5555
8150
199
9077
6998
3195
5591
412
6103
5607
2850
9022
6611
304
5214
3124
1735
1121
1064
32
3147
2502
3233
4412
2480
7711
2319
2072
7796
8934
2508
5490
236
6768
4984
1458
4963
4870
9991
7043
4139
5390
7479
1116
3700
394
4158
4170
5423
6563
1173
1552
6519
1874
9410
4907
559
5599
1048
3239
3473
8469
8412
4159
4527
1143
8496
5658
3078
7638
8096
6811
4089
2044
5545
1083
9062
4400
2706
1652
2149
2017
2410
5168
1991
3633
6253
4552
2242
9667
1711
8582
8443
3054
126
6764
8193
9494
4754
5157
4148
2311
4956
6765
3043
5061
6255
2763
6299
232
3757
8202
4313
7841
3467
5509
8199
9514
3251
157
1701
118
50
1373
9415
1838
9547
667
8038
6515
3158
3908
1799
5198
5354
260
5179
3361
8695
6741
2430
5059
4556
7222
7540
6886
3420
4153
1519
4713
3469
1351
4930
8644
7051
6756
8613
2867
6189
2041
778
4671
1144
5503
9471
2384
362
4482
6470
9402
6784
6369
6700
4832
9918
3993
9235
6112
6652
9865
4472
6016
6878
6777
4350
7488
189
7540
1570
6743
3518
8643
5127
1034
8591
6183
4541
627
9040
3894
8662
350
8473
1712
6322
5648
4627
8206
212
242
8445
8350
3635
3176
5598
6679
7843
8220
7413
1700
2218
4553
5380
8817
2680
9910
3265
179
8296
696
219
4955
7710
8703
337
7865
9410
7806
5382
6390
3188
2172
5390
9803
4516
5200
9196
7186
2081
6955
3573
2749
8541
3098
6144
8251
4520
1664
9188
4314
9465
3143
4466
4769
7554
7929
8062
2805
5547
2728
3006
4455
8871
8277
5053
1655
5799
5180
8434
3130
4243
8798
5344
343
7279
8314
2456
6805
3574
4631
7690
5340
6752
4676
8397
5796
732
5493
1591
4484
8486
4442
5611
253
2725
385
7265
5542
238
4318
9224
6282
6591
7497
1402
2046
2115
8353
7905
3173
4060
5693
3896
1547
3652
2412
2778
7333
2891
13
303
2083
1174
1821
6897
2160
3679
447
9448
4891
7358
4436
791
7480
6527
7911
2866
3029
4449
5805
8193
2424
1659
526
5845
1349
1682
4275
7677
7019
1203
8458
1513
667
2497
3971
6392
9178
1469
1323
7039
889
1249
4311
9739
537
3622
4942
2447
1369
8188
477
2291
6460
7630
5459
5976
1458
6342
1595
5739
7663
9466
5784
7573
2841
1104
7150
1358
5559
8770
4508
8664
3236
6735
1912
8730
5893
5059
996
997
4651
4414
9396
3135
5487
8870
2456
6782
2454
1835
847
4915
7230
5465
2720
1581
9890
4990
4393
2921
5271
3267
5165
3460
3748
5109
4925
2785
3076
9499
6599
2746
3656
3698
4012
6828
5785
8966
8340
4742
7356
6678
2050
8253
312
2355
8574
2656
973
3531
3488
9302
1269
8339
217
6188
3144
7061
6990
1380
7819
4832
4102
5918
5211
2239
1689
1108
214
5684
2757
7354
9195
8380
5048
5349
173
5607
3997
1831
2126
6663
414
4087
8014
1833
1936
4226
1440
6992
5094
2173
3433
4742
3809
5443
2140
1614
589
7856
2431
825
7713
8158
2781
5356
3601
7623
1081
7262
3973
6522
7218
5085
141
9679
8960
2300
9654
6837
3234
5274
2553
4747
7384
6271
2937
1994
6146
7503
8046
7338
6161
4409
6839
8039
4173
6134
4592
160
6904
7875
8560
8989
9088
9888
5999
6500
8919
2942
5979
2097
6587
2830
8587
2510
1251
3703
3416
2937
619
5170
660
4079
9325
3475
551
9287
3072
8835
7890
709
647
7061
9690